1,0,0	[8.177946]	0.9680418301593602	1.757724601428407e-13
1,0,1	[6.7600017]	0.9478045624448587	2.181977604562601e-11
1,0,2	[10.53537]	0.9246908299763034	7.741058241661105e-10
1,0,3	[19.133778]	0.9255139806165809	6.959525568384697e-10
1,0,4	[0.90760607]	0.9889239026419754	4.791168301760361e-18
1,0,5	[11.408072]	0.9380031120552987	1.170520284538546e-10
1,0,6	[6.9265733]	0.9437329231022773	4.546368426435633e-11
1,0,7	[1.6730784]	0.9743828044716244	1.9762982925810884e-14
1,0,8	[0.76731306]	0.9941457920849023	8.328487776340845e-21
1,0,9	[1.7544483]	0.9817792746784507	3.643048227464083e-15
1,1,0	[8.193759]	0.97688512157032	7.144057538073479e-15
1,1,1	[18.476595]	0.9096353177570005	4.493560332135486e-09
1,1,2	[1.7921602]	0.9770331958054083	6.70347750724371e-15
1,1,3	[13.209528]	0.9415827224327071	6.555700314076565e-11
1,1,4	[0.8024278]	0.9898448962089136	2.0186505159026637e-18
1,1,5	[7.6992083]	0.9447359164818173	3.813957402311865e-11
1,1,6	[4.5898976]	0.9665356001101052	2.768525873489111e-13
1,1,7	[9.283654]	0.9452993974932381	3.4505805374440805e-11
1,1,8	[6.004381]	0.9631697420329363	7.118614040138781e-13
1,1,9	[2.0564578]	0.9729642741815456	1.4949964639229777e-13
1,2,0	[13.623892]	0.9565141885568231	3.645813541190959e-12
1,2,1	[8.126743]	0.9353592908802482	1.7575786974067546e-10
1,2,2	[1.6926026]	0.9828479084222816	3.7058231710266114e-16
1,2,3	[2.325654]	0.9861222112587935	4.516191815157057e-17
1,2,4	[1.1533883]	0.9833410175959012	2.773836953120441e-16
1,2,5	[0.28284478]	0.9929955388696243	4.984055016553906e-20
1,2,6	[1.8093288]	0.9840551738714282	1.7950301769313182e-16
1,2,7	[1.7126503]	0.9726096835288633	3.831079455544117e-14
1,2,8	[5.972854]	0.9452279516969818	3.4948693907716314e-11
1,2,9	[10.143816]	0.9285553869833593	1.2829469873192847e-09
1,3,0	[5.0001593]	0.9715893485493124	5.4995620745940383e-14
1,3,1	[9.4953]	0.9701028106459184	9.102186122025316e-14
1,3,2	[17.035498]	0.92041339214316	1.3208850815529532e-09
1,3,3	[11.548974]	0.9290554552217908	4.3402377530220385e-10
1,3,4	[0.79872394]	0.9889234134118212	4.793275338354808e-18
1,3,5	[6.713021]	0.9628389395189375	7.773771197673291e-13
1,3,6	[4.874026]	0.9690999073522969	1.2607670413115232e-13
1,3,7	[2.7231736]	0.9652328783215307	4.0341972263258915e-13
1,3,8	[0.50410295]	0.993053426076867	4.588231259433378e-20
1,3,9	[1.9842619]	0.9829820516070686	1.913080153482064e-15
1,4,0	[3.1699781]	0.9440243625621791	4.3215739235056047e-11
1,4,1	[7.2249904]	0.9543468231492653	5.876300574390136e-12
1,4,2	[6.3301973]	0.9483433054594764	1.9713768514316144e-11
1,4,3	[13.439797]	0.9417920909443239	6.330052721395218e-11
1,4,4	[1.3702837]	0.9839049913179366	1.9702320581756069e-16
1,4,5	[3.0846412]	0.960060064606527	1.5805393290842407e-12
1,4,6	[3.8430672]	0.9710441439426561	6.635898279878567e-14
1,4,7	[9.795979]	0.9534354252494632	7.133438182131689e-12
1,4,8	[8.535882]	0.9378354149525603	1.201723251204686e-10
1,4,9	[7.9065547]	0.9721898834984263	4.452706544564437e-14
1,5,0	[2.7128963]	0.9848048082005957	1.112439579874907e-16
1,5,1	[0.980866]	0.9917026875596923	2.6971527228357213e-19
1,5,2	[11.386455]	0.9262529784941406	6.318765281156507e-10
1,5,3	[12.750808]	0.9410892641593882	7.116253620845264e-11
1,5,4	[10.511941]	0.9314044521514172	3.130278136960493e-10
1,5,5	[2.8166451]	0.9702057333142744	8.797399187912725e-14
1,5,6	[7.1348553]	0.9484254455485782	1.9409196967966373e-11
1,5,7	[9.772496]	0.9268384493507122	5.849111473014482e-10
1,5,8	[5.3926373]	0.9530706589522876	7.700623795354219e-12
1,5,9	[6.2430515]	0.9608683343809699	1.2926338687290773e-12
1,6,0	[10.288643]	0.9367853429856129	1.4146060534848652e-10
1,6,1	[3.0140243]	0.9756808131379051	1.1812938367152474e-14
1,6,2	[10.317791]	0.9395165625556215	9.200365309103553e-11
1,6,3	[6.8673954]	0.9416484666805321	6.484081197934948e-11
1,6,4	[0.92119485]	0.9865221539121025	3.3766752221684773e-17
1,6,5	[8.936758]	0.9456530572422102	3.2386604590964824e-11
1,6,6	[1.1626186]	0.9848998696195767	1.0451810443068823e-16
1,6,7	[1.5826595]	0.9803239767871935	1.4473302773335032e-15
1,6,8	[20.223177]	0.9027824131071153	9.065140065090816e-09
1,6,9	[10.444147]	0.9555344704796984	4.537114248784342e-12
1,7,0	[11.943534]	0.9151252684114413	2.4576269796470583e-09
1,7,1	[3.0964112]	0.9779433945463099	4.490698652873267e-15
1,7,2	[4.5599594]	0.9812645982817362	8.90244622140113e-16
1,7,3	[10.363723]	0.9499275665651773	1.4533395972311605e-11
1,7,4	[0.624614]	0.9894390768362405	2.982030752277713e-18
1,7,5	[0.82615304]	0.9928932706810302	5.759052452319738e-20
1,7,6	[1.4668208]	0.9812467361695173	8.987024175194966e-16
1,7,7	[0.9135875]	0.9810963501250373	9.728247011995127e-16
1,7,8	[11.122059]	0.9474125533487581	2.347650551394545e-11
1,7,9	[12.40037]	0.9395182114900522	9.197921034338781e-11
1,8,0	[14.975715]	0.9573820869774382	2.9909629845740406e-12
1,8,1	[1.4493358]	0.991585252886555	3.102647253130507e-19
1,8,2	[1.0551234]	0.9862178082152195	4.2162212618075394e-17
1,8,3	[3.5284927]	0.9710388903897036	6.647803186223442e-14
1,8,4	[1.0601856]	0.9798599566634754	1.8237569987920264e-15
1,8,5	[10.591033]	0.9606613605071478	1.3614811064752102e-12
1,8,6	[1.9396614]	0.9692972996864592	1.1834723105677054e-13
1,8,7	[7.2091746]	0.9608005825813491	1.3148188357770983e-12
1,8,8	[8.603817]	0.9551375766621499	4.950551583369514e-12
1,8,9	[11.144448]	0.9407441081687457	7.533441001374357e-11
1,9,0	[7.2502017]	0.9599586831850383	1.620436506367853e-12
1,9,1	[8.127184]	0.9414096798359262	6.747601564708908e-11
1,9,2	[7.5111175]	0.9584113631187683	2.3523284908661354e-12
1,9,3	[13.994102]	0.9534165164027667	7.161893326409939e-12
1,9,4	[1.8969135]	0.9755208712573524	1.2604913625855437e-14
1,9,5	[5.6315846]	0.9673122839951843	2.1961572936656133e-13
1,9,6	[1.2669059]	0.9910206120610082	5.926280129281307e-19
1,9,7	[1.5587254]	0.9813509412065259	8.503604865783654e-16
1,9,8	[10.14187]	0.919481671352019	1.4780846792986121e-09
1,9,9	[10.20149]	0.9361229849886133	1.5656493764812804e-10
2,0,0	[1.42933]	0.9926696798000831	7.84303734762041e-20
2,0,1	[2.212864]	0.9805566289674991	1.2862542462338486e-15
2,0,2	[3.7391005]	0.9791819998774681	2.5324331413962347e-15
2,0,3	[9.066624]	0.9691070609914526	1.2578885948175768e-13
2,0,4	[0.44773042]	0.9950704993046001	1.49816864846183e-21
2,0,5	[3.9927175]	0.9773093180742074	5.946553431482318e-15
2,0,6	[5.259581]	0.948844185827016	1.79210402980875e-11
2,0,7	[0.20018409]	0.9967951342838646	2.0356313900744644e-23
2,0,8	[0.92708594]	0.9924389658244154	1.0682075371060056e-19
2,0,9	[0.27221915]	0.997082838592713	1.0687749280532786e-22
2,1,0	[1.8334656]	0.9901420206457056	1.5018503255181156e-18
2,1,1	[8.485246]	0.9580217928434153	2.5780146179143273e-12
2,1,2	[4.649843]	0.9535627990008645	6.944383254410201e-12
2,1,3	[6.134694]	0.9619070497596478	9.920062337868197e-13
2,1,4	[0.9833101]	0.990087498752675	1.5866563913670368e-18
2,1,5	[1.4479381]	0.9936294551407506	1.9352219003824523e-20
2,1,6	[1.2462044]	0.9894909183040409	2.8394451806489852e-18
2,1,7	[2.7597163]	0.9827592689324307	3.9004252659083363e-16
2,1,8	[1.4014044]	0.9898294915982911	2.0493522547029806e-18
2,1,9	[0.6645854]	0.9924710978800049	8.57026294829454e-19
2,2,0	[3.4834244]	0.9889093673540928	4.854125940020238e-18
2,2,1	[3.5224426]	0.976974791307752	6.874251929963954e-15
2,2,2	[0.2869363]	0.9974764395637172	1.8704658621277066e-24
2,2,3	[0.5091732]	0.9968262281537366	1.8467713025254288e-23
2,2,4	[0.21439935]	0.9963760568997407	6.944945314242743e-23
2,2,5	[0.22277617]	0.994531016485235	4.2231541088934215e-21
2,2,6	[0.63362986]	0.9932922840064877	3.2367633334772257e-20
2,2,7	[1.9148036]	0.9813458466386581	8.526684547570024e-16
2,2,8	[4.9340267]	0.9532262144325885	7.453984893397682e-12
2,2,9	[4.5703855]	0.9723657809119719	1.8363950888562104e-13
2,3,0	[1.4972175]	0.9871995707485568	2.0218083312082972e-17
2,3,1	[2.4145188]	0.993385111310965	2.8167939501213085e-20
2,3,2	[7.860727]	0.9661824244027157	3.0704803840509136e-13
2,3,3	[4.528977]	0.9680053779865518	1.7776080644641513e-13
2,3,4	[1.4819882]	0.980237401603503	1.5117491276372775e-15
2,3,5	[1.9800538]	0.9896456424342837	2.4495905805457696e-18
2,3,6	[1.0060782]	0.991152470905044	5.11410898728662e-19
2,3,7	[4.2182636]	0.9611152217487451	1.2146033085229647e-12
2,3,8	[0.39350268]	0.9946082657037673	3.664318120967901e-21
2,3,9	[0.16402434]	0.9982244594801585	9.600875356046314e-25
2,4,0	[0.7062878]	0.987879521438786	1.1746453928683753e-17
2,4,1	[2.8679087]	0.982493022957024	4.541405388593022e-16
2,4,2	[1.7803105]	0.9836411941665378	2.315523972475292e-16
2,4,3	[4.934395]	0.9786458168415498	3.2584896899422442e-15
2,4,4	[0.46935084]	0.9948687454257011	2.2356704382160453e-21
2,4,5	[4.4803143]	0.9619905211182721	9.708188260438797e-13
2,4,6	[0.71403605]	0.9939941861411125	1.0748141457322272e-20
2,4,7	[3.4038475]	0.9844456279442927	1.4031272903803704e-16
2,4,8	[3.6104562]	0.9680564924287327	1.7497832586465786e-13
2,4,9	[2.449364]	0.9911538485278228	5.10618042090088e-19
2,5,0	[0.2882538]	0.9969466510585211	1.2549739397340367e-23
2,5,1	[0.4390107]	0.9958396015691372	2.7558126749288476e-22
2,5,2	[4.078416]	0.972842816548988	3.520602211441851e-14
2,5,3	[4.1177573]	0.9738132453110669	2.4565766651559117e-14
2,5,4	[3.4074059]	0.9753982002576669	1.3244295617224685e-14
2,5,5	[0.30310258]	0.9967779525344488	2.1472842458187758e-23
2,5,6	[1.674022]	0.9888347365995261	5.1892470076163444e-18
2,5,7	[7.150951]	0.938679897930228	1.0518246526691765e-10
2,5,8	[1.2210164]	0.9877588501415364	1.296330516036815e-17
2,5,9	[1.5073318]	0.9911434510699685	5.166294534683585e-19
2,6,0	[2.2870567]	0.9883721445828634	7.772934085560404e-18
2,6,1	[0.3529132]	0.9959624401241756	2.0431903795763629e-22
2,6,2	[3.4328585]	0.9819050013815691	6.303932219343071e-16
2,6,3	[1.4139388]	0.9863988947985618	3.696631070443939e-17
2,6,4	[1.6956265]	0.9787984763346235	3.034807430331441e-15
2,6,5	[2.9498246]	0.977908040402928	4.562534526398823e-15
2,6,6	[0.57280326]	0.9928549880639319	6.075956494152863e-20
2,6,7	[0.22817539]	0.9970878197892429	7.821749585133257e-24
2,6,8	[11.229285]	0.9333585812995684	2.3639591068748667e-10
2,6,9	[3.255285]	0.9831146352765548	3.17172560993647e-16
2,7,0	[3.8387382]	0.9784410953102055	3.581678371895799e-15
2,7,1	[0.39101076]	0.9965672388329035	4.042324642157736e-23
2,7,2	[1.3698468]	0.9918373296877507	2.2913620060830397e-19
2,7,3	[6.561537]	0.9627317324489321	7.997408672248713e-13
2,7,4	[0.3448774]	0.9943754811514174	5.586599871920292e-21
2,7,5	[0.9954447]	0.9908612680596508	7.061387138773433e-19
2,7,6	[4.3073864]	0.9582320148063039	2.4539290777309502e-12
2,7,7	[0.26761606]	0.9942351786808188	7.143358355121039e-21
2,7,8	[2.8083227]	0.9834218501925439	2.6430261713870185e-16
2,7,9	[4.463627]	0.9760128961669525	1.0309597026412015e-14
2,8,0	[4.8452034]	0.9849614436581695	1.0035895363942506e-16
2,8,1	[0.11912152]	0.9986414142771944	3.8437454420159444e-27
2,8,2	[1.1810081]	0.9885555013307635	6.635655763018994e-18
2,8,3	[1.0759792]	0.989815640877082	2.0773148278988883e-18
2,8,4	[0.2298911]	0.9953519187055567	8.332389030125419e-22
2,8,5	[5.431434]	0.9830948289234256	3.208864721332521e-16
2,8,6	[0.6678758]	0.9912987676554774	4.3313026384389514e-19
2,8,7	[3.5672843]	0.9780943670535786	4.19523195554859e-15
2,8,8	[3.2293382]	0.9776939245093705	5.020088968983605e-15
2,8,9	[4.0088954]	0.9771257252793685	6.440710979453875e-15
2,9,0	[1.4228122]	0.9920922187750212	1.6702135619507028e-19
2,9,1	[3.2044632]	0.9811739446789804	9.339211615375976e-16
2,9,2	[1.5744115]	0.9909093344257235	6.699974927821901e-19
2,9,3	[5.092274]	0.9828661192367245	3.66694012332339e-16
2,9,4	[0.34680927]	0.9970552731790773	8.74004497941064e-24
2,9,5	[1.3109527]	0.9914335798546919	3.707191136970747e-19
2,9,6	[0.30842677]	0.9966700998954326	2.983254917274962e-23
2,9,7	[1.5110065]	0.9860565936652562	4.733051431670129e-17
2,9,8	[7.74621]	0.9345543525137003	1.9823977970293825e-10
2,9,9	[4.3066325]	0.9721171303903141	4.5691968598598104e-14
4,0,0	[0.3304636]	0.9979722851141063	2.10263253424977e-25
4,0,1	[0.20512867]	0.9981439308691816	8.688427301121632e-26
4,0,2	[0.69187677]	0.9962091708847385	1.0886799820364416e-22
4,0,3	[1.4562386]	0.9942174677653843	7.365343560333117e-21
4,0,4	[0.35397828]	0.9961238682317488	1.359539046543389e-22
4,0,5	[0.826003]	0.9962442368220943	9.92207623361068e-23
4,0,6	[9.796403]	0.9270519800787781	5.685745525637874e-10
4,0,7	[0.32739112]	0.994757511409674	2.7691663584000564e-21
4,0,8	[0.18170784]	0.9979634166251006	2.196345496345954e-25
4,0,9	[0.25544035]	0.9973924562832469	3.6853584084774816e-23
4,1,0	[0.18257119]	0.9987690635955241	1.4337295237463423e-27
4,1,1	[2.6462486]	0.9862916903967985	3.9967923113295354e-17
4,1,2	[8.756484]	0.924054091101489	8.39840762897833e-10
4,1,3	[1.4549311]	0.9912725008808712	4.463362607948636e-19
4,1,4	[0.63635623]	0.9917888591802932	2.4306349394103492e-19
4,1,5	[0.08733737]	0.9992597552814947	8.886615708680662e-30
4,1,6	[0.26835507]	0.9983897426289613	2.1008241279551244e-26
4,1,7	[1.0990764]	0.9960018671249207	1.8525139173257453e-22
4,1,8	[0.14830911]	0.9990657842868724	9.101441022654069e-29
4,1,9	[0.31397316]	0.9960962560885133	1.695057763491913e-21
4,2,0	[0.33960268]	0.9983639479322537	2.4624197687726748e-26
4,2,1	[0.7044101]	0.9966570604093581	3.101990056338777e-23
4,2,2	[0.2309921]	0.9978912724992038	3.109961741890806e-25
4,2,3	[0.1694207]	0.9985771510349192	6.100394722846021e-27
4,2,4	[0.14426874]	0.9971226559980716	6.935875431895378e-24
4,2,5	[0.07419606]	0.9980349452471089	1.5365704019082115e-25
4,2,6	[0.87259406]	0.992807035518729	6.494994261286466e-20
4,2,7	[0.44135997]	0.9938926690910271	1.2704231151551164e-20
4,2,8	[5.239294]	0.958041480567055	2.566159659181683e-12
4,2,9	[1.177943]	0.9952507332941092	1.0880521278121954e-20
4,3,0	[0.28524306]	0.9979027055804333	2.945538959051026e-25
4,3,1	[0.15408765]	0.9992540836291263	9.591235047560103e-30
4,3,2	[1.8808209]	0.9942982934894156	6.400367667618645e-21
4,3,3	[0.6755368]	0.9952579629236922	1.017453519429256e-21
4,3,4	[0.4442159]	0.9955198052308544	5.77165267780593e-22
4,3,5	[0.10227109]	0.9992588149185755	9.00011889406864e-30
4,3,6	[0.7370455]	0.9930563930556955	4.56872752215907e-20
4,3,7	[7.441649]	0.9371428882264042	1.3386113447871828e-10
4,3,8	[0.14788938]	0.9979823188157395	2.000957055361812e-25
4,3,9	[0.28813615]	0.9970562405076812	1.164902310077854e-22
4,4,0	[0.5178163]	0.9918038680846796	2.3867167955734577e-19
4,4,1	[1.9959375]	0.9858900860056518	5.3259668132080316e-17
4,4,2	[0.45435447]	0.9966329334494236	3.332953020128467e-23
4,4,3	[0.729069]	0.9963107776070402	8.300176547859843e-23
4,4,4	[1.0453593]	0.9868992649685855	2.546330596112121e-17
4,4,5	[7.506576]	0.932368701183712	2.7281286526291104e-10
4,4,6	[0.33092257]	0.9966618353469695	3.058025850191233e-23
4,4,7	[0.854953]	0.9948873898402922	2.1559175711366688e-21
4,4,8	[0.3488325]	0.9980882822749952	1.1671815503520576e-25
4,4,9	[0.18259358]	0.999014209407913	1.5573761000229827e-28
4,5,0	[0.30099553]	0.9969098124986271	1.4146633395613769e-23
4,5,1	[0.24412437]	0.9978961742607882	3.0384828250325466e-25
4,5,2	[0.8476099]	0.9946101981422943	3.651235018532547e-21
4,5,3	[2.5939507]	0.9832068356907576	3.0038726016863345e-16
4,5,4	[0.6738174]	0.9953423758826685	8.504715054401705e-22
4,5,5	[0.09361497]	0.9988461731619268	7.510251833820553e-28
4,5,6	[0.38416645]	0.9970814903177835	7.993216371142218e-24
4,5,7	[8.624838]	0.9379069327592829	1.1883262720665967e-10
4,5,8	[0.11531157]	0.9987522044007114	1.6425386449850892e-27
4,5,9	[0.2694012]	0.99747699913816	1.8663267030364327e-24
4,6,0	[1.079042]	0.990650409479501	8.862993777361442e-19
4,6,1	[0.13131279]	0.9990018352349693	1.7641973824504573e-28
4,6,2	[0.59235024]	0.9959308361454449	2.2085875079909163e-22
4,6,3	[0.15661576]	0.9985150829735329	9.347197987876894e-27
4,6,4	[0.91919094]	0.9875908142377088	1.484657736855623e-17
4,6,5	[0.39026925]	0.9969131813789045	1.3993356238327157e-23
4,6,6	[0.04247922]	0.999455186117361	4.1477463412869465e-31
4,6,7	[0.5132042]	0.9953591574776608	8.203772155873189e-22
4,6,8	[6.0749145]	0.9617924006555342	1.021783253703422e-12
4,6,9	[0.51398116]	0.9984349464798887	1.580552919123974e-26
4,7,0	[0.9023094]	0.9956090690223866	4.721241716015282e-22
4,7,1	[0.05806601]	0.9994525600171739	4.352021185823614e-31
4,7,2	[0.3562436]	0.9974724869642821	1.899939174875124e-24
4,7,3	[1.983112]	0.9873531064169327	1.7931125414731828e-17
4,7,4	[0.2763972]	0.9967763550995699	2.1579397673792093e-23
4,7,5	[0.42763203]	0.9950660448719516	1.5117340895168836e-21
4,7,6	[8.252564]	0.9258178030568824	6.689384851214373e-10
4,7,7	[0.31405127]	0.9929378785172479	5.408596995477114e-20
4,7,8	[0.24022779]	0.9983284596002102	3.051381855178074e-26
4,7,9	[0.6461407]	0.9962207249449109	1.0559995478615885e-22
4,8,0	[0.3605694]	0.9980125556040853	1.7207428083612461e-25
4,8,1	[0.16581878]	0.998108937628918	1.047118910070798e-25
4,8,2	[0.53502357]	0.9944160340024524	5.1974901273627264e-21
4,8,3	[0.31532457]	0.9972115395699738	5.069748060663509e-24
4,8,4	[0.05439996]	0.9990877029239449	7.178608503923822e-29
4,8,5	[0.61396605]	0.9965654162731957	4.063807606984991e-23
4,8,6	[0.22888376]	0.9965565907948304	4.169295898838208e-23
4,8,7	[0.32584298]	0.9987058303600763	2.365433477658469e-27
4,8,8	[0.3977043]	0.997113709965092	7.154300837350613e-24
4,8,9	[0.6024293]	0.9966722145116813	2.964389813529214e-23
4,9,0	[0.6101574]	0.9968734271137184	1.5901043529844348e-23
4,9,1	[1.681638]	0.9888859354935674	4.957185143006763e-18
4,9,2	[0.43781805]	0.9964104393201034	6.314359450905245e-23
4,9,3	[0.76621246]	0.9963963537397624	6.566179910406948e-23
4,9,4	[0.70581245]	0.9917629958696691	2.508022683752824e-19
4,9,5	[0.14389585]	0.9986827016063174	2.8235739882979877e-27
4,9,6	[0.087942]	0.9990787029776901	7.918777102637935e-29
4,9,7	[0.22323006]	0.9971136008988726	7.15700154455952e-24
4,9,8	[7.7554064]	0.9412768316580304	6.898322311143092e-11
4,9,9	[0.45953372]	0.9984034454228863	1.9288514945347545e-26
8,0,0	[0.11273566]	0.9992460280485743	1.0678511714288279e-29
8,0,1	[0.30124748]	0.9973448530498341	3.1078801837076726e-24
8,0,2	[0.44018796]	0.9969644265501864	1.1838846681964249e-23
8,0,3	[0.5675201]	0.9979769791790232	2.0545010063083242e-25
8,0,4	[0.5780019]	0.9951396560945802	1.3011414286776714e-21
8,0,5	[0.21804799]	0.9984585823588755	1.357570447730307e-26
8,0,6	[12.658668]	0.9183311641045135	1.695113922881917e-09
8,0,7	[0.14042729]	0.9981306138976092	9.331814809359575e-26
8,0,8	[0.45222667]	0.994905766141993	2.0798253345756573e-21
8,0,9	[0.14897294]	0.9983338726704313	5.249052103105069e-25
8,1,0	[0.71813035]	0.9965482194976969	4.271625547280919e-23
8,1,1	[1.423863]	0.993848596676925	1.3648891884839825e-20
8,1,2	[8.653894]	0.9208731345316742	1.2489637885267997e-09
8,1,3	[0.4126024]	0.9976001844472338	1.1319087161349026e-24
8,1,4	[0.3202598]	0.9968121528103097	1.9302163739480455e-23
8,1,5	[0.17681651]	0.9987838559496978	1.2705377053680719e-27
8,1,6	[0.41348535]	0.9966456264900175	3.209585645102958e-23
8,1,7	[0.14008194]	0.9991246700769165	4.747455396212334e-29
8,1,8	[0.5170896]	0.9960465925626788	1.6557112132615362e-22
8,1,9	[0.58090657]	0.9934419758696518	2.317465174494803e-19
8,2,0	[0.52022785]	0.9979564053924852	2.2730748080221504e-25
8,2,1	[0.27839452]	0.9988230104396508	9.160793013974845e-28
8,2,2	[0.17175473]	0.9982370015731635	5.196182821927337e-26
8,2,3	[0.22370215]	0.9986061454944909	4.965876218131633e-27
8,2,4	[0.01684764]	0.9996606227967627	3.6519284262492415e-33
8,2,5	[0.19247867]	0.9950191276832593	1.6614757574175342e-21
8,2,6	[1.2443198]	0.9884761826228954	7.107848762123563e-18
8,2,7	[0.27544263]	0.9970908173230264	7.741706541995284e-24
8,2,8	[10.570474]	0.9218968971701578	1.1012209518214703e-09
8,2,9	[0.38973677]	0.9984169707617504	3.2295116564815314e-25
8,3,0	[0.3068796]	0.9975913183685935	1.1743863841890533e-24
8,3,1	[0.56471944]	0.996301012058341	8.522180880423686e-23
8,3,2	[0.8460607]	0.9970568191993063	8.694321910763683e-24
8,3,3	[0.18836418]	0.9986461786977515	3.7111290643720124e-27
8,3,4	[0.11795123]	0.9987280400089344	1.989631531460248e-27
8,3,5	[0.30096576]	0.998093406285513	1.136295864097325e-25
8,3,6	[0.6754235]	0.9942125650587564	7.427879904595668e-21
8,3,7	[10.381781]	0.919824483927651	1.4184038479712384e-09
8,3,8	[0.56380725]	0.9916801357245435	2.77110706376591e-19
8,3,9	[0.09272767]	0.9991836260045539	6.000949052805312e-28
8,4,0	[1.485244]	0.9794854696570282	2.1893118835786617e-15
8,4,1	[0.88717574]	0.9937881583767026	1.504705292356491e-20
8,4,2	[0.1805457]	0.9986970464246476	2.5308853350527878e-27
8,4,3	[0.5082425]	0.9974413396969359	2.1472201318827175e-24
8,4,4	[0.19023538]	0.9975154009720906	1.6011981896941225e-24
8,4,5	[5.9851594]	0.9411757047604161	7.01506609127876e-11
8,4,6	[1.3391919]	0.9866235509379991	3.132376415199501e-17
8,4,7	[0.25770983]	0.9983019397618637	3.571178508398111e-26
8,4,8	[0.04523029]	0.9996893277984295	1.5092825468865684e-33
8,4,9	[0.22908588]	0.9987027648497859	2.4220343291377962e-27
8,5,0	[0.64379036]	0.993666217555916	1.8266775783664236e-20
8,5,1	[0.44823152]	0.9962239381054891	1.0470694387242705e-22
8,5,2	[0.4931279]	0.9960726301107343	1.5500054991562472e-22
8,5,3	[0.16369182]	0.9988910810917232	5.0504008244320895e-28
8,5,4	[0.64325094]	0.9958931366819794	2.4215766861663735e-22
8,5,5	[0.45020398]	0.9954288079151378	7.054463168735873e-22
8,5,6	[0.925839]	0.9924508709067491	1.0515583278024054e-19
8,5,7	[11.65204]	0.9273434954868289	5.469299479163546e-10
8,5,8	[0.13597588]	0.9985728969568403	6.2851503799862354e-27
8,5,9	[0.3374287]	0.9969835944110844	1.111305352208332e-23
8,6,0	[0.84381765]	0.9946694539741076	3.2698985854025477e-21
8,6,1	[0.22707048]	0.9973730108475539	2.793904274550759e-24
8,6,2	[0.34450123]	0.9978442302118544	3.8769534476284545e-25
8,6,3	[0.07722056]	0.9993359332637514	3.0007918626087285e-30
8,6,4	[0.26735765]	0.9963530752654771	7.397453418486851e-23
8,6,5	[0.92314875]	0.9945728543623028	3.9116505626269964e-21
8,6,6	[0.11161244]	0.9986163926929834	4.612837367988595e-27
8,6,7	[0.16279592]	0.9976103307787872	1.0849974373754408e-24
8,6,8	[7.0067754]	0.9595865240829319	1.7747529266762354e-12
8,6,9	[0.19309054]	0.9986548656383818	3.479883752451107e-27
8,7,0	[0.39037028]	0.9965670098198232	4.045018451439106e-23
8,7,1	[1.9053508]	0.9848490701893929	1.0806537868813338e-16
8,7,2	[0.64329696]	0.9939146582965426	1.2255265826071982e-20
8,7,3	[0.3271715]	0.9980790587045463	1.2246874685401356e-25
8,7,4	[0.16872674]	0.9973674917643053	2.8530954177955876e-24
8,7,5	[0.18505058]	0.9973148485043727	3.4770682184685075e-24
8,7,6	[9.870762]	0.9136096581155766	2.9146740969314555e-09
8,7,7	[0.22328855]	0.9956088729998596	4.723346029246904e-22
8,7,8	[0.38105014]	0.9973459589446168	3.094973810377891e-24
8,7,9	[0.14917319]	0.9990267965641596	1.3696371324371868e-28
8,8,0	[1.5234399]	0.9926771452571513	7.763764006249876e-20
8,8,1	[0.02657474]	0.9997024696331875	9.796770353625281e-34
8,8,2	[0.10996141]	0.9989661460474257	2.506416898820082e-28
8,8,3	[0.11080224]	0.9989956955003924	1.8757199266851914e-28
8,8,4	[0.07215285]	0.998521140733719	8.973023598344465e-27
8,8,5	[0.1715808]	0.9989051242633732	4.446325338206733e-28
8,8,6	[0.25506198]	0.9964089863165979	6.339927952160265e-23
8,8,7	[0.14682758]	0.9992845187909135	6.32425769016725e-30
8,8,8	[0.63853204]	0.9957233245036766	3.628745265710816e-22
8,8,9	[0.08871143]	0.9994337679713493	6.098693197262699e-31
8,9,0	[1.6904362]	0.9864884856008069	3.461501211051757e-17
8,9,1	[0.3388001]	0.9975790788547031	1.2353831399472766e-24
8,9,2	[0.24100122]	0.9984455836911252	1.4764184292606006e-26
8,9,3	[1.1862718]	0.9939232103467175	1.2084545136515418e-20
8,9,4	[0.7532991]	0.9920246188697743	1.8181072776516994e-19
8,9,5	[0.25333723]	0.9980804050061076	1.2161379068760031e-25
8,9,6	[0.0728391]	0.9992279057985843	1.354033875478505e-29
8,9,7	[0.3339167]	0.9958528589147992	2.6693907557631006e-22
8,9,8	[12.843589]	0.9167977016934593	2.0284567124034927e-09
8,9,9	[0.0905593]	0.999350853071809	2.390975830404518e-30
16,0,0	[0.3536907]	0.9974745509255829	1.8844971325379016e-24
16,0,1	[0.3422042]	0.997619113606594	1.0458108994008428e-24
16,0,2	[0.33040783]	0.9981985260911482	6.447279987330316e-26
16,0,3	[0.60577613]	0.9979686060118229	2.1410636192294664e-25
16,0,4	[0.2318849]	0.9978577715721562	3.6403960636041783e-25
16,0,5	[0.16244453]	0.9989999450712326	1.7978771246978152e-28
16,0,6	[11.007523]	0.9287155683577095	4.5461922153315e-10
16,0,7	[0.1904239]	0.9970949437406854	7.632724555558638e-24
16,0,8	[0.4780735]	0.9943306432019148	6.0471654161451534e-21
16,0,9	[0.12246901]	0.9988475769380217	1.584984101867957e-26
16,1,0	[0.16992523]	0.9989429316176642	3.1293270385502732e-28
16,1,1	[1.1496799]	0.9934487521567305	2.557898785196149e-20
16,1,2	[10.515458]	0.908812246970997	4.902841701620599e-09
16,1,3	[0.19841471]	0.998765900233885	1.4709846663950887e-27
16,1,4	[0.9046559]	0.9899727267661766	1.7794019065161017e-18
16,1,5	[0.20806843]	0.9984402202940367	1.5281258954462848e-26
16,1,6	[0.50532013]	0.9956913404942325	3.908933855614546e-22
16,1,7	[0.99809337]	0.9942177671257687	7.361540464339525e-21
16,1,8	[0.12124872]	0.9989697702728263	2.4199622968497567e-28
16,1,9	[0.11262208]	0.9984074475396953	3.418744519796576e-25
16,2,0	[0.36697224]	0.9981443911445306	8.666921756125283e-26
16,2,1	[0.24957405]	0.998525771151765	8.696162099747468e-27
16,2,2	[0.25530764]	0.9971832337580915	5.607886826924719e-24
16,2,3	[0.12824751]	0.9990064145176186	1.684943459173154e-28
16,2,4	[0.6518265]	0.9865443276458258	3.3218347322702484e-17
16,2,5	[0.17393105]	0.9955266819874853	5.683831830199807e-22
16,2,6	[1.4614441]	0.9860452198286034	4.7715782954591614e-17
16,2,7	[0.13343424]	0.9982039373560223	6.256352186234142e-26
16,2,8	[11.782775]	0.9081665097000826	5.246869697630862e-09
16,2,9	[0.08116661]	0.9995834976414663	1.0053256432529862e-30
16,3,0	[0.35246587]	0.9976408836015976	9.541108710051386e-25
16,3,1	[0.4168709]	0.9972170765286613	4.970087145800343e-24
16,3,2	[1.9560128]	0.993901052059558	1.2531355934117247e-20
16,3,3	[0.4827798]	0.9969886888974263	1.0927010352051584e-23
16,3,4	[0.38856906]	0.9950765254392043	1.4799910672620347e-21
16,3,5	[0.09747273]	0.9993757700311665	1.61672276497388e-30
16,3,6	[1.0508494]	0.9895910474659688	2.5812779735958335e-18
16,3,7	[10.001705]	0.9204075208572212	1.3218269983749748e-09
16,3,8	[0.16483942]	0.9976287708577971	1.0041968292921402e-24
16,3,9	[0.28734955]	0.9969098928725163	1.8459558226205157e-22
16,4,0	[0.5632475]	0.9914042526322022	3.8356184984208347e-19
16,4,1	[0.4992942]	0.9971180396567212	7.047826518923176e-24
16,4,2	[0.10121712]	0.9992527731801991	9.76102287466531e-30
16,4,3	[1.0224622]	0.9945781137502138	3.87399160846621e-21
16,4,4	[0.09419081]	0.9988767157021279	5.743799951849566e-28
16,4,5	[11.735641]	0.9056052746162083	6.833292750407656e-09
16,4,6	[0.3326001]	0.9968592913163953	1.6633799331480287e-23
16,4,7	[0.52921444]	0.9972649458177751	4.179225995555472e-24
16,4,8	[0.18005025]	0.9988636162324437	6.449549138956974e-28
16,4,9	[0.32878095]	0.9981093814758765	1.044665733522062e-25
16,5,0	[0.31170994]	0.9967778446432857	2.1480024289583174e-23
16,5,1	[0.6260059]	0.9935346124899608	2.2425473628279355e-20
16,5,2	[0.06255598]	0.9995108103789735	1.4131937980744627e-31
16,5,3	[0.38751632]	0.9979475179451178	2.3738000354061797e-25
16,5,4	[0.67593914]	0.996780350869919	2.1313752775371778e-23
16,5,5	[0.13412827]	0.9989006708060472	4.630443812265922e-28
16,5,6	[0.5521042]	0.9958908478322316	2.43508374909939e-22
16,5,7	[11.088828]	0.9273068599539609	5.496090064923953e-10
16,5,8	[0.6405087]	0.996560880029673	4.117724147252794e-23
16,5,9	[0.20879632]	0.9988129856527772	9.97123210254695e-28
16,6,0	[0.88292366]	0.9937529600236572	1.5919442473447193e-20
16,6,1	[0.0930088]	0.9992456610057049	1.073059393991947e-29
16,6,2	[0.740604]	0.994401711732944	5.332036209606481e-21
16,6,3	[0.12350276]	0.9987839307234329	1.2697571291823566e-27
16,6,4	[0.223323]	0.9969112146212028	1.4082657119812184e-23
16,6,5	[0.23564005]	0.9983262171080406	3.0925379787484693e-26
16,6,6	[0.30383205]	0.9957141935988827	3.7068305935210177e-22
16,6,7	[0.17277789]	0.9974663638058998	1.9464233706192884e-24
16,6,8	[10.356205]	0.943246446770851	4.944998793433956e-11
16,6,9	[0.09751945]	0.9993206721768848	3.7660450368219914e-30
16,7,0	[0.47673282]	0.9968933030528689	1.4919845262327157e-23
16,7,1	[0.09668319]	0.9991544260872774	3.359787319766493e-29
16,7,2	[0.21106191]	0.998104754572681	1.0704949175270562e-25
16,7,3	[0.33880112]	0.9980228039862787	1.6341110956117815e-25
16,7,4	[0.91639864]	0.9874881994524793	1.6114184558106766e-17
16,7,5	[0.9351948]	0.9880897520356869	9.869441029279698e-18
16,7,6	[10.335151]	0.9088943304617977	4.860583853234684e-09
16,7,7	[0.41241446]	0.9912538118364124	4.55951733260678e-19
16,7,8	[0.15267526]	0.999006505059242	1.683409288272587e-28
16,7,9	[0.15824851]	0.9992442071010657	1.0939152191397428e-29
16,8,0	[1.6472598]	0.9918105770459944	2.3673172782240994e-19
16,8,1	[0.24111494]	0.9972744373442753	4.0365942575543955e-24
16,8,2	[0.1999248]	0.9978693766196368	3.4480882723330858e-25
16,8,3	[0.11509828]	0.9989958693608755	1.8724766291378709e-28
16,8,4	[0.08824319]	0.9986406181565733	3.866316378760087e-27
16,8,5	[0.18416438]	0.9990189408054447	1.4842509906408076e-28
16,8,6	[0.59368044]	0.9916573282389194	2.847749555764555e-19
16,8,7	[2.1848516]	0.9858182851212296	5.601623972869405e-17
16,8,8	[1.1147736]	0.9926831287046785	7.700748722668431e-20
16,8,9	[0.08215845]	0.9994121124588464	8.875576121794837e-31
16,9,0	[1.093095]	0.9937348068326232	1.638691953801073e-20
16,9,1	[0.48112157]	0.9972872232663412	3.851382560855035e-24
16,9,2	[0.24546885]	0.9979895365570994	1.930576286955548e-25
16,9,3	[1.5085891]	0.9923452548222855	1.2077692672730179e-19
16,9,4	[0.7332243]	0.9917819798107592	2.451006749956267e-19
16,9,5	[0.05684802]	0.9995937840137668	2.2036718872595678e-32
16,9,6	[0.27964154]	0.9969183397037439	1.3761557292523488e-23
16,9,7	[0.5739205]	0.9924167250546935	1.0999476337897147e-19
16,9,8	[9.195207]	0.9361521626117295	1.5587037177782224e-10
16,9,9	[0.12654307]	0.999011206244249	1.605456815376547e-28
32,0,0	[0.32463148]	0.9976363861744746	9.72438999592236e-25
32,0,1	[0.18277353]	0.9983854726375804	2.157164395496472e-26
32,0,2	[0.6567716]	0.9959041334278279	2.357617311166471e-22
32,0,3	[0.81679654]	0.9969623468404564	1.1920105088638239e-23
32,0,4	[0.1425562]	0.9982479866478711	4.881562145812375e-26
32,0,5	[0.24811387]	0.9982132498424499	5.939655208294799e-26
32,0,6	[12.701996]	0.9168370076534382	2.0192308187089595e-09
32,0,7	[0.32049173]	0.9957440111703475	3.457284453644456e-22
32,0,8	[0.1926732]	0.9977121102016324	7.023973075200663e-25
32,0,9	[0.1140599]	0.9987435996198051	3.599600546991142e-26
32,1,0	[0.52456576]	0.9970537024055857	8.786721582071344e-24
32,1,1	[1.1439288]	0.9934589441921128	2.518487279798084e-20
32,1,2	[10.583184]	0.90864122473161	4.991940401286604e-09
32,1,3	[0.40079823]	0.9976210493379541	1.0373474101691764e-24
32,1,4	[0.72805905]	0.9911679016665909	5.025930277521694e-19
32,1,5	[0.1845973]	0.998299815916053	3.616065758494789e-26
32,1,6	[0.33633542]	0.9972097769509818	5.101849019399924e-24
32,1,7	[0.44758856]	0.998156326922668	8.125701652564282e-26
32,1,8	[0.06959082]	0.9996562708551615	4.1481211912862336e-33
32,1,9	[0.09612628]	0.9988732057766336	1.2802008360237872e-26
32,2,0	[0.40594026]	0.9984830992830789	1.156576269414933e-26
32,2,1	[0.39921162]	0.998143681729789	8.70008791403859e-26
32,2,2	[0.25245452]	0.9979342132424883	2.5321048044236167e-25
32,2,3	[0.41319096]	0.9966976049256572	2.7461074651730076e-23
32,2,4	[0.1468524]	0.9969829948680803	1.1135134330337127e-23
32,2,5	[0.09638666]	0.9977087775195993	7.126864646339612e-25
32,2,6	[0.7778387]	0.9933207532186893	3.1023436717069857e-20
32,2,7	[0.47834733]	0.9931151347646887	4.197619590313335e-20
32,2,8	[9.698992]	0.9273804983901833	5.442358744546906e-10
32,2,9	[0.13882472]	0.9988700425088002	1.314737386661871e-26
32,3,0	[0.45974952]	0.9962892187616619	8.797395725706612e-23
32,3,1	[0.24885607]	0.9983019948261579	3.5700214288533667e-26
32,3,2	[1.221208]	0.9959007350976105	2.37721849223279e-22
32,3,3	[0.33417672]	0.9975424475618888	1.4353506737240846e-24
32,3,4	[0.3956556]	0.9950410200312153	1.590019453448253e-21
32,3,5	[0.09927029]	0.9991266102102504	4.6433101828409633e-29
32,3,6	[0.28030956]	0.9974321643406777	2.2253903204296416e-24
32,3,7	[10.474827]	0.9198449325855934	1.4149128831866937e-09
32,3,8	[0.39907238]	0.9945191701236454	4.315319044021637e-21
32,3,9	[0.14676136]	0.9986282908025862	8.285802165689209e-26
32,4,0	[0.8917897]	0.9904372295536972	1.1094598016931046e-18
32,4,1	[0.52819526]	0.9969078255972674	1.4237739913725417e-23
32,4,2	[0.08568644]	0.9992057677615364	1.7962318415583192e-29
32,4,3	[0.42482555]	0.9977372006937901	6.29124806079849e-25
32,4,4	[0.12525617]	0.9986348854816232	4.032398122539283e-27
32,4,5	[13.008926]	0.8943299314129529	2.012599482008485e-08
32,4,6	[0.5749533]	0.9943563750459119	5.778847403963624e-21
32,4,7	[0.750341]	0.9957631990571231	3.3047991598496544e-22
32,4,8	[0.1391262]	0.9994802358093822	2.590828117453398e-31
32,4,9	[0.22092555]	0.9990287453928617	1.3424668467612934e-28
32,5,0	[0.2936993]	0.9973623853073176	2.908863631876823e-24
32,5,1	[0.74963]	0.9929938129933832	4.9963138088043916e-20
32,5,2	[0.21451181]	0.9986683951178528	3.1454725938460893e-27
32,5,3	[0.5011421]	0.9975142936476123	1.6083413703304468e-24
32,5,4	[0.8032637]	0.9945156420151986	4.343115299903017e-21
32,5,5	[0.12876002]	0.9988813478625537	5.511391054734512e-28
32,5,6	[0.62181014]	0.995412904529942	7.303293277129042e-22
32,5,7	[12.000848]	0.9225566801030105	1.014479436452703e-09
32,5,8	[0.27513894]	0.9987875713209917	1.2322702812168523e-27
32,5,9	[0.45916903]	0.9960316686934606	1.7191806462625508e-22
32,6,0	[0.9446373]	0.9935383562202622	2.2296300982449837e-20
32,6,1	[0.2653332]	0.9975066486446821	1.658445624343856e-24
32,6,2	[0.570494]	0.9962114740938978	1.08209371317796e-22
32,6,3	[0.10037598]	0.9991100180384533	5.604400256951316e-29
32,6,4	[0.7207779]	0.9895010129363419	2.812404781196942e-18
32,6,5	[0.6378479]	0.9954156065566138	7.260467525102578e-22
32,6,6	[0.23835039]	0.9968836103353931	1.5391314859620246e-23
32,6,7	[0.59871674]	0.9922349130017766	1.3929745162330003e-19
32,6,8	[11.719293]	0.9376038345560008	1.2460357847111733e-10
32,6,9	[0.21712431]	0.9986494733415651	3.6218469477863526e-27
32,7,0	[0.5980068]	0.9949930873513242	1.7502242799852475e-21
32,7,1	[0.6484303]	0.9937020388980512	1.7262116043103094e-20
32,7,2	[0.15031973]	0.9987265420699519	2.0131748867710674e-27
32,7,3	[1.1053821]	0.9934889510586663	2.4056047600324607e-20
32,7,4	[0.3787708]	0.993900144012702	1.2549979110271475e-20
32,7,5	[0.49059296]	0.9930989981986502	4.2967619625679775e-20
32,7,6	[10.393325]	0.9152326804362996	2.4278075465561098e-09
32,7,7	[0.6105612]	0.9872828054319375	1.894769950767039e-17
32,7,8	[0.19017817]	0.9987964359351214	1.1451222399340185e-27
32,7,9	[0.05168619]	0.999635893970114	7.37785923222026e-33
32,8,0	[0.7114983]	0.9968686365401499	1.6146051184472523e-23
32,8,1	[0.1078214]	0.9987679838201937	1.446349543886005e-27
32,8,2	[0.22380467]	0.9969799080500854	1.1249446053325405e-23
32,8,3	[0.1795879]	0.9983407735174559	2.83404266633291e-26
32,8,4	[0.3915674]	0.9924104540364953	1.1090490727046042e-19
32,8,5	[0.13120323]	0.999279582595839	6.774237585710845e-30
32,8,6	[0.5304951]	0.9928012392504363	6.547366997648259e-20
32,8,7	[0.45605746]	0.9973190743506911	3.422791858706389e-24
32,8,8	[0.54429716]	0.9960542103356597	1.6241334322933116e-22
32,8,9	[0.08255173]	0.9994670262798635	3.3297339053934048e-31
32,9,0	[0.65909386]	0.9962360483344356	1.01401964570133e-22
32,9,1	[0.4789234]	0.997183067489766	5.61119411347987e-24
32,9,2	[0.06359751]	0.9994279220312864	6.7582509372361554e-31
32,9,3	[0.6922071]	0.9961965081745187	1.1255388769096553e-22
32,9,4	[0.6649109]	0.9928868699553467	5.810979871091682e-20
32,9,5	[0.17842542]	0.9984695760753868	1.2638517443555542e-26
32,9,6	[0.39937896]	0.995601355472125	4.804686608106079e-22
32,9,7	[0.30873606]	0.9959792401558338	1.959883762241944e-22
32,9,8	[11.731052]	0.9220175015678159	1.0848872872713354e-09
32,9,9	[0.15261644]	0.998957359641284	2.727665336880799e-28
64,0,0	[0.40445602]	0.9970370294950661	9.296176856507903e-24
64,0,1	[0.16383012]	0.9985495256706267	7.393009647407043e-27
64,0,2	[0.27110845]	0.9985516539610442	7.285308477761889e-27
64,0,3	[0.7369664]	0.9970632916925761	8.505227400618074e-24
64,0,4	[0.03741411]	0.9995842514422411	2.778864681042641e-32
64,0,5	[0.19673575]	0.9985670300270827	6.548213365920956e-27
64,0,6	[12.863979]	0.9173963452046902	1.8919398453438267e-09
64,0,7	[0.22425173]	0.9969558365864871	1.2177728264145686e-23
64,0,8	[0.13939759]	0.9984040011338272	1.922152641751143e-26
64,0,9	[0.10030302]	0.999105075641068	1.435859023526325e-27
64,1,0	[0.504675]	0.9967970226280366	2.023684619395304e-23
64,1,1	[0.66862106]	0.9960933237024232	1.4703688061374796e-22
64,1,2	[10.269395]	0.9093905881402646	4.61194757838073e-09
64,1,3	[0.6424942]	0.9959632816375467	2.038942959124454e-22
64,1,4	[0.23234485]	0.9978359802812979	4.027766085808475e-25
64,1,5	[0.10727941]	0.9990414846102735	1.1764844600985607e-28
64,1,6	[0.51970714]	0.9958970604637802	2.398578230953229e-22
64,1,7	[0.3485734]	0.9982667947125661	4.382462405348253e-26
64,1,8	[0.29148164]	0.9981115615752808	1.0326910762755964e-25
64,1,9	[0.101639]	0.9986556833229394	6.84157228541207e-26
64,2,0	[0.81652075]	0.9974053972816324	2.468283377574588e-24
64,2,1	[0.09328544]	0.9993531828813322	2.3065576693310626e-30
64,2,2	[0.6703206]	0.9927019851911243	7.505157368152154e-20
64,2,3	[0.42865077]	0.9961577572210276	1.2454167432326511e-22
64,2,4	[0.21724035]	0.9953537199525163	8.300216486838946e-22
64,2,5	[0.25420097]	0.9940684163324917	9.494093823228423e-21
64,2,6	[0.4997032]	0.9961042505971273	1.4298206920972137e-22
64,2,7	[0.5210739]	0.9924921053114003	9.956806410099829e-20
64,2,8	[9.184482]	0.9265697278252315	6.060655148187425e-10
64,2,9	[0.07679008]	0.9993855643876959	4.037716581511195e-29
64,3,0	[0.13449185]	0.9989851188576874	2.082796969263174e-28
64,3,1	[0.38430873]	0.9978811315796012	3.2626634471520803e-25
64,3,2	[0.81541544]	0.996859219280694	1.6637609965532598e-23
64,3,3	[0.3385042]	0.9975168901749127	1.5916365827141094e-24
64,3,4	[0.33883885]	0.995881338891063	2.4919270612738096e-22
64,3,5	[0.05671872]	0.9996268662922804	9.424980201790696e-33
64,3,6	[0.23529094]	0.9976903743141985	7.719855528245005e-25
64,3,7	[10.069667]	0.9218295923007155	1.1104313134507848e-09
64,3,8	[0.21954112]	0.9967327888770469	2.467526563929747e-23
64,3,9	[0.14879405]	0.9984400688217971	2.8088737843606746e-25
64,4,0	[0.22349964]	0.99641755637406	6.190455723041186e-23
64,4,1	[0.38138354]	0.9982236542868266	5.602945089145788e-26
64,4,2	[0.0553931]	0.9994762145469861	2.798351271215596e-31
64,4,3	[0.4996888]	0.9977006968770018	7.381996155946931e-25
64,4,4	[0.13488255]	0.9983796267516685	2.236502556881731e-26
64,4,5	[12.389972]	0.8981440077524364	1.4164127257490007e-08
64,4,6	[0.5088202]	0.9947609829140522	2.750923016132749e-21
64,4,7	[0.4879504]	0.9971215316227212	6.962994289633198e-24
64,4,8	[0.08740269]	0.9995449152018637	6.861408394993017e-32
64,4,9	[0.14231072]	0.9992575540507695	9.154354664144754e-30
64,5,0	[0.48931482]	0.9948982711692825	2.1105636309967728e-21
64,5,1	[0.18433018]	0.9983218625150703	3.173886840062767e-26
64,5,2	[0.48869964]	0.9961601856900243	1.2375798189329924e-22
64,5,3	[0.58861184]	0.996472660763908	5.302727548521481e-23
64,5,4	[0.78120893]	0.994748336711034	2.817906023613054e-21
64,5,5	[0.05113786]	0.9995348220584761	8.544038087535547e-32
64,5,6	[0.4262191]	0.9965322676748369	4.472895463255613e-23
64,5,7	[11.163331]	0.9281474061177429	4.910033705918324e-10
64,5,8	[0.18211241]	0.9988200653259981	9.392503473895777e-28
64,5,9	[0.16164051]	0.9986080420339606	4.89875857536882e-27
64,6,0	[0.521794]	0.9967546037560143	2.3078413512811288e-23
64,6,1	[0.07681642]	0.9991154905611649	5.269283255492459e-29
64,6,2	[0.22856651]	0.9984828487341814	1.1584868371274945e-26
64,6,3	[0.0610383]	0.9994954583687521	1.9247404343825628e-31
64,6,4	[0.4113076]	0.9950548393414178	1.5463491393616526e-21
64,6,5	[0.44689026]	0.996536421810837	4.4196759972305505e-23
64,6,6	[0.18943276]	0.9978576153429575	3.643049485606436e-25
64,6,7	[0.32077596]	0.9963722401317173	7.018327961606819e-23
64,6,8	[10.387401]	0.9431692549478488	5.011048398098692e-11
64,6,9	[0.14409098]	0.99907802336531	7.977363578885928e-29
64,7,0	[0.2142733]	0.9985332325185873	8.266174464935541e-27
64,7,1	[0.30597004]	0.9976444918843509	9.39631604598819e-25
64,7,2	[0.29615352]	0.998020284858867	1.6550338620649685e-25
64,7,3	[0.6953954]	0.9957146071597494	3.7032614997680477e-22
64,7,4	[0.49203542]	0.9914456201984521	3.655594566549207e-19
64,7,5	[0.18635459]	0.9972579569734441	4.28713080906543e-24
64,7,6	[9.083164]	0.917684249698466	1.829254240254987e-09
64,7,7	[0.49127242]	0.9910644223851557	5.644419384984047e-19
64,7,8	[0.10123486]	0.9994583008849731	3.9166731425439995e-31
64,7,9	[0.14110044]	0.9989392669206782	3.2394757700351175e-28
64,8,0	[0.44238636]	0.9979998678221624	1.833709354159176e-25
64,8,1	[0.07255209]	0.9995580845812818	5.115698421512547e-32
64,8,2	[0.17367294]	0.9980101850458102	1.741360875890334e-25
64,8,3	[0.07656021]	0.9993901224561124	1.2812720015176752e-30
64,8,4	[0.2619277]	0.9946232924543186	3.563684548324173e-21
64,8,5	[0.29079783]	0.9983663015254053	2.4272476994609938e-26
64,8,6	[0.2641741]	0.9965649388408466	4.0694521730152375e-23
64,8,7	[0.28519666]	0.9982025862172674	6.303542137944712e-26
64,8,8	[0.619075]	0.9956171108138011	4.635636252078343e-22
64,8,9	[0.05343559]	0.9995962779019457	2.0720797746569218e-32
64,9,0	[0.88198453]	0.9938115399797552	1.4491563708107602e-20
64,9,1	[0.41362894]	0.9970321770127676	9.449360234137562e-24
64,9,2	[0.05919452]	0.999476366864334	2.7902260166718454e-31
64,9,3	[0.63925505]	0.996635154800728	3.311059859737793e-23
64,9,4	[0.2881561]	0.9972928981616896	3.771656831234483e-24
64,9,5	[0.07875303]	0.9992658366645176	8.18315827715992e-30
64,9,6	[0.24876235]	0.9972559751985396	4.318181390096759e-24
64,9,7	[0.5148716]	0.9934511545363204	2.5485594059924413e-20
64,9,8	[11.296546]	0.9258920815024965	6.624783045544e-10
64,9,9	[0.07284445]	0.999438203701592	5.637532890691837e-31
128,0,0	[0.2178691]	0.9983758640716521	2.288947338186988e-26
128,0,1	[0.15497136]	0.9986108636155644	4.800414186999719e-27
128,0,2	[0.1803447]	0.9988527502542536	7.09315626504424e-28
128,0,3	[0.8473529]	0.9964962786451731	4.958663601682029e-23
128,0,4	[0.12279739]	0.9987039787080196	2.39947781026009e-27
128,0,5	[0.10608376]	0.9993157216053888	4.049589171771534e-30
128,0,6	[9.207492]	0.9362963051920518	1.524793614196164e-10
128,0,7	[0.5398316]	0.9915191044182923	3.3544469693096675e-19
128,0,8	[0.2964323]	0.9966020144464988	3.651509697145311e-23
128,0,9	[0.1098742]	0.9989252884798041	8.167975019483335e-27
128,1,0	[0.11672606]	0.999186444305434	2.28415634436014e-29
128,1,1	[1.2849097]	0.9932446930411123	3.4732046111472115e-20
128,1,2	[10.312117]	0.9099150849145132	4.361549329772784e-09
128,1,3	[0.71684676]	0.995703196386674	3.802880854638314e-22
128,1,4	[0.11736894]	0.9989378057460554	3.284357995510494e-28
128,1,5	[0.06893712]	0.9993889037602988	1.3071001289339044e-30
128,1,6	[0.2437736]	0.9980277389220051	1.5938121499916695e-25
128,1,7	[0.2558289]	0.998798696942576	1.1238013984920464e-27
128,1,8	[0.28430864]	0.9985595459257196	6.898152310123582e-27
128,1,9	[0.14217287]	0.9980146084412828	2.772414427062854e-24
128,2,0	[0.8001688]	0.9971941133725265	5.395251742212704e-24
128,2,1	[0.21439177]	0.9984021799020382	1.944185258391966e-26
128,2,2	[0.11245245]	0.9990636974198532	9.306727007151974e-29
128,2,3	[0.2653576]	0.9976721259278349	8.351328053989604e-25
128,2,4	[0.28563145]	0.9940745988832561	9.395837007206861e-21
128,2,5	[0.05870396]	0.9987174177039049	2.1620795636500286e-27
128,2,6	[0.45242357]	0.9960970938661843	1.456262877376138e-22
128,2,7	[0.6122598]	0.9909990935725018	6.069304381109024e-19
128,2,8	[8.294906]	0.932519399352097	2.669639223598114e-10
128,2,9	[0.4796799]	0.9964718461892921	6.492941872739914e-22
128,3,0	[0.24634951]	0.9980891764765888	1.1617378156498038e-25
128,3,1	[0.25337583]	0.9984366821336762	1.5631228160063098e-26
128,3,2	[0.65191776]	0.9979279171733335	2.6102776433217306e-25
128,3,3	[0.3797018]	0.9974179582134391	2.3514802527140854e-24
128,3,4	[0.17653699]	0.9975049318566513	1.669888497925145e-24
128,3,5	[0.08819723]	0.9993627633832437	1.986888613638277e-30
128,3,6	[0.39304817]	0.9964877703138254	5.080225609836055e-23
128,3,7	[10.268293]	0.9217755059810996	1.1178825590683772e-09
128,3,8	[0.04080203]	0.9994453141823073	4.963449526002715e-31
128,3,9	[0.14682801]	0.9984537438767954	2.583610378661304e-25
128,4,0	[0.42011997]	0.9948918362900906	2.1372796750351555e-21
128,4,1	[0.28956077]	0.9987651500028656	1.479946999879439e-27
128,4,2	[0.06368508]	0.9995302852035628	9.414698115748634e-32
128,4,3	[0.46872395]	0.9976317044760458	9.918540409484702e-25
128,4,4	[0.2515891]	0.9973914690977064	2.603882711122992e-24
128,4,5	[10.541694]	0.9101738228914575	4.242550895596415e-09
128,4,6	[0.29343736]	0.9969663569640393	1.1763867943559077e-23
128,4,7	[0.5616664]	0.9970188024342592	9.883397208156964e-24
128,4,8	[0.1421523]	0.9990653608577241	9.142761298199478e-29
128,4,9	[0.2280666]	0.99899741587457	1.8438483705693937e-28
128,5,0	[0.2773845]	0.9973378868772002	3.1902984783737586e-24
128,5,1	[0.61354256]	0.9946361274420649	3.479705349710825e-21
128,5,2	[0.06924629]	0.999410055851508	9.19092689803783e-31
128,5,3	[0.6101498]	0.9963765424176315	6.935660226002074e-23
128,5,4	[0.6577917]	0.9955760218003081	5.08816388069713e-22
128,5,5	[0.07569841]	0.9992922207325448	5.67569818095613e-30
128,5,6	[0.36465666]	0.996937676502554	1.2923049853059845e-23
128,5,7	[10.074097]	0.9328469599257271	2.546355121505624e-10
128,5,8	[0.33515602]	0.9981363253288029	9.050804801290363e-26
128,5,9	[0.42779475]	0.9968359184885051	1.7912242259262915e-23
128,6,0	[0.9841019]	0.9946510782150826	3.3841301761740705e-21
128,6,1	[0.10978504]	0.9987477307762996	1.7023553529650735e-27
128,6,2	[0.40779218]	0.9969590070598909	1.2051647417236185e-23
128,6,3	[0.13782406]	0.9988019662259112	1.0936042038453718e-27
128,6,4	[0.52953696]	0.9938396740227855	1.3847660503370737e-20
128,6,5	[0.48974153]	0.9963944459497757	6.60097295870495e-23
128,6,6	[0.13329147]	0.9983471442526178	2.7271594185179486e-26
128,6,7	[0.42080185]	0.994413191244979	5.2239499847017906e-21
128,6,8	[10.274469]	0.9450438568994438	3.611342985751388e-11
128,6,9	[0.06886441]	0.9995206248738621	1.1539892875921744e-31
128,7,0	[0.12181433]	0.9994592429463127	3.849104256544864e-31
128,7,1	[0.1909359]	0.9987461883823862	1.7234286252739126e-27
128,7,2	[0.2356938]	0.9990568733151126	1.0007439523562806e-28
128,7,3	[1.4340792]	0.9912108197276087	4.787819419286724e-19
128,7,4	[0.19545764]	0.9966058384167157	3.6106809667798084e-23
128,7,5	[0.56576276]	0.9921019689626778	1.6497999665714484e-19
128,7,6	[9.695263]	0.9122935614995351	3.3715169675812986e-09
128,7,7	[0.275873]	0.994878520757551	2.193530825076195e-21
128,7,8	[0.095642]	0.9993190274697128	3.8581978653075426e-30
128,7,9	[0.07008971]	0.9994814606910013	2.5304285071157206e-31
128,8,0	[0.19458695]	0.9990533730141334	1.0384969663695224e-28
128,8,1	[0.06685004]	0.9994447554785495	5.0136593058241745e-31
128,8,2	[0.15952006]	0.9982454339141936	4.953104303371718e-26
128,8,3	[0.08418738]	0.9992214488630408	1.471589154837367e-29
128,8,4	[0.29189074]	0.9946089181859107	3.659895942343506e-21
128,8,5	[0.13321926]	0.9993579864484051	2.1409166128211236e-30
128,8,6	[0.30187032]	0.9953427121623036	8.49858837439014e-22
128,8,7	[0.12020247]	0.9993279418362544	3.381995426032907e-30
128,8,8	[0.2993038]	0.9978900979947724	3.12731183089153e-25
128,8,9	[0.05853629]	0.9995795795008111	3.1073517602541115e-32
128,9,0	[0.8704294]	0.9935098474307362	2.3297051895818434e-20
128,9,1	[0.25996017]	0.99847542837601	1.2163747496530415e-26
128,9,2	[0.11090848]	0.9990910957872348	6.916153662216137e-29
128,9,3	[0.370532]	0.9979975199474653	1.8553307555669834e-25
128,9,4	[0.09120813]	0.9988643404741363	6.408581463642309e-28
128,9,5	[0.08082941]	0.9994094707510522	9.282467234616842e-31
128,9,6	[0.13364457]	0.9986741593916809	3.0120039074090787e-27
128,9,7	[0.3948406]	0.9950480691385408	1.5676069222104073e-21
128,9,8	[10.202386]	0.9327102302890006	2.597183177182142e-10
128,9,9	[0.11557591]	0.999232215983391	1.2803389302693313e-29
256,0,0	[0.37775576]	0.9971702601263347	5.871285994303269e-24
256,0,1	[0.3467863]	0.9968596508978468	1.6614789485690582e-23
256,0,2	[0.14700615]	0.9988413019888668	7.833251886460973e-28
256,0,3	[1.6421729]	0.9921611852659414	1.5305675158139577e-19
256,0,4	[0.08803575]	0.9990623318416308	9.443305282419282e-29
256,0,5	[0.29736057]	0.9980973013571767	1.1133119388774108e-25
256,0,6	[8.751495]	0.9373020490423368	1.3059731489330352e-10
256,0,7	[0.7252662]	0.9896095285890494	2.536004337303745e-18
256,0,8	[0.446439]	0.9951692573684883	1.2241826125321355e-21
256,0,9	[0.10757978]	0.9988051417104297	2.2343251925610215e-26
256,1,0	[0.29235736]	0.9984760389576576	1.2115150411698754e-26
256,1,1	[2.1515603]	0.9890984941559247	4.0902546103592644e-18
256,1,2	[10.694234]	0.9075126524921248	5.61699332191038e-09
256,1,3	[0.6453539]	0.996091767766888	1.4762260273398735e-22
256,1,4	[0.27558276]	0.9969369209546213	1.2954929414823221e-23
256,1,5	[0.11366969]	0.9989926764744188	1.9328507025895974e-28
256,1,6	[0.6188051]	0.9947811762061527	2.646930771891443e-21
256,1,7	[0.39450675]	0.9978512371244622	3.752875475784966e-25
256,1,8	[0.1117019]	0.9993609708358299	2.0434776588965798e-30
256,1,9	[0.25269634]	0.9969797628506823	1.4858654118510777e-22
256,2,0	[0.813837]	0.9967144141627661	2.6096684450304714e-23
256,2,1	[0.19203416]	0.9985289109103577	8.512828810411682e-27
256,2,2	[0.17413196]	0.9981417255741399	8.79213347324328e-26
256,2,3	[0.6096258]	0.9952500025593384	1.034629151227271e-21
256,2,4	[0.15872484]	0.9966049996748614	3.619600923964455e-23
256,2,5	[0.17152299]	0.9960080104762694	1.8242909620546218e-22
256,2,6	[0.4059345]	0.9963228231938135	8.033513450720008e-23
256,2,7	[0.40165967]	0.9944644821620472	4.764692170044912e-21
256,2,8	[8.6618185]	0.9313571515418883	3.151302259629409e-10
256,2,9	[0.15296088]	0.9987217640966463	4.2394144580250086e-26
256,3,0	[0.30684412]	0.9973906643345383	2.6119185558739227e-24
256,3,1	[0.26400402]	0.9987855585291567	1.2528707815587943e-27
256,3,2	[0.7352337]	0.9979224280433282	2.680196122405709e-25
256,3,3	[0.26114777]	0.9981133960857733	1.0227104928046085e-25
256,3,4	[0.16211794]	0.9979155727339485	2.7698808893874426e-25
256,3,5	[0.08543041]	0.9995497169133164	6.170990296991722e-32
256,3,6	[0.3602035]	0.9965760950612451	3.939381531768562e-23
256,3,7	[9.840005]	0.9249280922403146	7.508127057066706e-10
256,3,8	[0.05046831]	0.9992709313708348	7.632858351770791e-30
256,3,9	[0.25813785]	0.99722806639251	6.58326802762496e-23
256,4,0	[0.37001848]	0.9946086754477884	3.661540531768607e-21
256,4,1	[0.3730132]	0.9986222938656582	4.419937069700153e-27
256,4,2	[0.2155677]	0.9981289235557956	9.416474226578452e-26
256,4,3	[0.5980016]	0.9978082156183181	4.574893705453591e-25
256,4,4	[0.24372484]	0.9968745350481141	1.5844858167660873e-23
256,4,5	[9.478849]	0.9181577566742911	1.7301803827808176e-09
256,4,6	[0.54485095]	0.9944706690481836	4.711825179650862e-21
256,4,7	[0.78787786]	0.9947985752433004	2.560179583295493e-21
256,4,8	[0.11661871]	0.9990521129575661	1.0523980840789645e-28
256,4,9	[0.27875546]	0.9984288846334158	1.6428090649757353e-26
256,5,0	[0.20706677]	0.9979362143755028	2.5077034345623434e-25
256,5,1	[0.29169032]	0.9971165310823149	7.084761912410906e-24
256,5,2	[0.19210252]	0.9983941828496988	2.0436454447467434e-26
256,5,3	[1.0891057]	0.9933749431602379	2.8602740373331483e-20
256,5,4	[1.0633556]	0.9929744881510256	5.135440783752801e-20
256,5,5	[0.14101456]	0.9982661308669153	4.399264949636235e-26
256,5,6	[0.5497832]	0.9954742206055295	6.385338229570482e-22
256,5,7	[9.840229]	0.9339396345738695	2.171048192016114e-10
256,5,8	[0.16333872]	0.998729909500478	1.960596137848861e-27
256,5,9	[0.2908416]	0.997869350350337	3.448513053458748e-25
256,6,0	[0.41698983]	0.9974739495684757	1.888984635343468e-24
256,6,1	[0.19960083]	0.9977353450788785	6.342982221838144e-25
256,6,2	[0.28556272]	0.9980353304096043	1.5335637054033488e-25
256,6,3	[0.16312803]	0.9983978130124839	1.997942974579699e-26
256,6,4	[0.28055024]	0.9964885349014019	5.0691930247211175e-23
256,6,5	[0.5922423]	0.9954553775364505	6.655714196532309e-22
256,6,6	[0.23786038]	0.9969931308123355	1.0767090170200415e-23
256,6,7	[0.5312243]	0.9928106741241192	6.462310108589859e-20
256,6,8	[9.995895]	0.9451698280769522	3.5312745542024e-11
256,6,9	[0.09637707]	0.9993518782816165	2.3534918168056135e-30
256,7,0	[0.06059921]	0.9995763007419008	3.3583255464273543e-32
256,7,1	[0.2620464]	0.9977232909165207	6.688474973616684e-25
256,7,2	[0.19765195]	0.9985814078373809	5.9204271614399366e-27
256,7,3	[0.7358555]	0.9956889614191622	3.930532859890032e-22
256,7,4	[0.19451246]	0.9967662602747229	2.226383706526805e-23
256,7,5	[0.6607437]	0.9907607760677672	7.874197978318175e-19
256,7,6	[9.413629]	0.9137501209355162	2.8693400335315627e-09
256,7,7	[0.4326267]	0.9906737384208101	8.64514081788454e-19
256,7,8	[0.28137425]	0.9980751651518284	1.249718357659958e-25
256,7,9	[0.09475596]	0.9993178217962996	3.927035363868509e-30
256,8,0	[0.18917938]	0.9990439015796999	1.1471642259799507e-28
256,8,1	[0.08816803]	0.9990400224116447	1.1945480816693048e-28
256,8,2	[0.17501625]	0.9980401444176671	1.4964280954873296e-25
256,8,3	[0.11192277]	0.9990194149242104	1.4770964615460665e-28
256,8,4	[0.27593693]	0.9947289350812059	2.923525417881487e-21
256,8,5	[0.10483804]	0.9994213204382437	7.579696054592189e-31
256,8,6	[0.36457574]	0.9943519874169614	5.823827698940469e-21
256,8,7	[0.12407918]	0.9992879652678747	6.026222255352433e-30
256,8,8	[0.24032965]	0.9982922470393126	3.7801920911873823e-26
256,8,9	[0.03784835]	0.9997297635610077	3.743325070612968e-34
256,9,0	[0.78079337]	0.9941353226337722	8.478271747918112e-21
256,9,1	[0.19918798]	0.9990103250338976	1.6198162781276318e-28
256,9,2	[0.12215309]	0.9989948969165411	1.8906822246719899e-28
256,9,3	[0.53819793]	0.9972299735753279	4.744751022770921e-24
256,9,4	[0.3228081]	0.9961435478246778	1.2921736551001023e-22
256,9,5	[0.17555237]	0.9987272551098603	2.001936836088676e-27
256,9,6	[0.1210629]	0.9988163372107745	9.693375799856375e-28
256,9,7	[0.60067266]	0.992845842784187	6.153944412521639e-20
256,9,8	[9.087859]	0.9389307884676211	1.0106374132543709e-10
256,9,9	[0.05290116]	0.9996316903221343	8.275142662969816e-33
