+------------+----+-----------------+---------+---------------------+--------------------+--------------------+------------------------+
| Outer fold | h* |      ann_E      | lambda* |         lr_E        |      baseline      |        PCC         |        p-value         |
+------------+----+-----------------+---------+---------------------+--------------------+--------------------+------------------------+
|     1      | 1  |  tensor(5.6779) |  1e-05  |  0.5972465003241308 |  5.13843164571214  |        1.0         |          0.0           |
|     2      | 1  |  tensor(0.2422) |  1e-05  | 0.13057339028365814 | 7.963233445507808  |        1.0         |          0.0           |
|     3      | 1  | tensor(20.2142) |   0.01  |  1.0982418259897013 | 18.394557099309857 | 0.9999999999999999 |          0.0           |
|     4      | 1  |  tensor(8.7591) |   1.0   |  0.6672856437829185 | 23.925287185838492 |        1.0         |          0.0           |
|     5      | 1  |  tensor(3.2393) |  1e-05  |  1.2524677038296068 | 29.37115214451618  | 0.9999999999999999 |          0.0           |
|     6      | 1  |  tensor(6.1011) |  1e-05  |  0.5717386256944698 | 34.56035936214703  | 0.9999999999999999 |          0.0           |
|     7      | 1  |  tensor(1.1075) |   0.01  |  0.5689400049075014 | 38.85544732357954  |        1.0         |          0.0           |
|     8      | 1  | tensor(16.0168) |  1e-05  |  1.082316940039611  |  47.4323818965823  |        1.0         |          0.0           |
|     9      | 1  |  tensor(1.8472) |  1e-05  |  9.300895101394792  | 51.42853638694042  | 0.9999999999999997 | 4.563495604573848e-167 |
|     10     | 1  |  tensor(0.8686) |   1.0   |  1.6742943174991638 | 55.79121192413051  |        1.0         |          0.0           |
+------------+----+-----------------+---------+---------------------+--------------------+--------------------+------------------------+
========================================
+------------+----+----------------+---------+---------------------+-------------------+--------------------+-------------------------+
| Outer fold | h* |     ann_E      | lambda* |         lr_E        |      baseline     |        PCC         |         p-value         |
+------------+----+----------------+---------+---------------------+-------------------+--------------------+-------------------------+
|     1      | 2  | tensor(1.3635) |  1e-05  |  0.5972465003241308 | 55.79121192413051 |        1.0         |           0.0           |
|     2      | 2  | tensor(0.2922) |   0.01  | 0.13060498876577542 | 55.79121192413051 |        1.0         |           0.0           |
|     3      | 2  | tensor(9.3577) |   0.01  |  1.0982418259897013 | 55.79121192413051 |        1.0         |           0.0           |
|     4      | 2  | tensor(3.2579) |   0.01  |  0.682208840920929  | 55.79121192413051 |        1.0         |           0.0           |
|     5      | 2  | tensor(0.2497) |  1e-05  |  1.2524677038296068 | 55.79121192413051 |        1.0         |           0.0           |
|     6      | 2  | tensor(1.8280) |   0.1   |  0.5726287559231141 | 55.79121192413051 | 0.9999999999999998 | 2.2282693381708265e-170 |
|     7      | 2  | tensor(0.1802) |  1e-05  |  0.5688575247469226 | 55.79121192413051 | 0.9999999999999999 |           0.0           |
|     8      | 2  | tensor(4.6098) |  1e-05  |  1.082316940039611  | 55.79121192413051 | 0.9999999999999999 |           0.0           |
|     9      | 2  | tensor(3.9885) |  0.001  |  9.300779550142437  | 55.79121192413051 |        1.0         |           0.0           |
|     10     | 2  | tensor(1.2664) |   1.0   |  1.6742943174991638 | 55.79121192413051 |        1.0         |           0.0           |
+------------+----+----------------+---------+---------------------+-------------------+--------------------+-------------------------+
========================================
+------------+----+----------------+---------+---------------------+-------------------+--------------------+-------------------------+
| Outer fold | h* |     ann_E      | lambda* |         lr_E        |      baseline     |        PCC         |         p-value         |
+------------+----+----------------+---------+---------------------+-------------------+--------------------+-------------------------+
|     1      | 4  | tensor(0.1023) |  1e-05  |  0.5972465003241308 | 55.79121192413051 |        1.0         |           0.0           |
|     2      | 4  | tensor(0.1523) |  1e-05  | 0.13057339028365814 | 55.79121192413051 | 0.9999999999999999 |           0.0           |
|     3      | 4  | tensor(1.7109) |   0.1   |  1.0951566129339303 | 55.79121192413051 |        1.0         |           0.0           |
|     4      | 4  | tensor(1.5487) |  1e-05  |  0.6827997896620351 | 55.79121192413051 | 0.9999999999999998 | 4.5947784791827036e-178 |
|     5      | 4  | tensor(0.3541) |   1.0   |  1.324505977222844  | 55.79121192413051 |        1.0         |           0.0           |
|     6      | 4  | tensor(0.1576) |  1e-05  |  0.5717386256944698 | 55.79121192413051 | 0.9999999999999999 |           0.0           |
|     7      | 4  | tensor(0.1151) |  1e-05  |  0.5688575247469226 | 55.79121192413051 |        1.0         |           0.0           |
|     8      | 4  | tensor(0.4271) |   0.1   |  1.086660427631359  | 55.79121192413051 |        1.0         |           0.0           |
|     9      | 4  | tensor(7.9734) |  0.001  |  9.300779550142437  | 55.79121192413051 | 0.9999999999999999 |           0.0           |
|     10     | 4  | tensor(0.2434) |   1.0   |  1.6742943174991638 | 55.79121192413051 |        1.0         |           0.0           |
+------------+----+----------------+---------+---------------------+-------------------+--------------------+-------------------------+
========================================
+------------+----+-----------------+---------+---------------------+-------------------+--------------------+-------------------------+
| Outer fold | h* |      ann_E      | lambda* |         lr_E        |      baseline     |        PCC         |         p-value         |
+------------+----+-----------------+---------+---------------------+-------------------+--------------------+-------------------------+
|     1      | 8  |  tensor(0.2596) |  1e-05  |  0.5972465003241308 | 55.79121192413051 |        1.0         |           0.0           |
|     2      | 8  |  tensor(0.2310) |  1e-05  | 0.13057339028365814 | 55.79121192413051 |        1.0         |           0.0           |
|     3      | 8  |  tensor(0.4465) |  1e-05  |  1.098679630382705  | 55.79121192413051 | 0.9999999999999998 | 4.5947784791827036e-178 |
|     4      | 8  |  tensor(0.2054) |   0.01  |  0.682208840920929  | 55.79121192413051 |        1.0         |           0.0           |
|     5      | 8  |  tensor(0.1244) |   1.0   |  1.324505977222844  | 55.79121192413051 | 0.9999999999999999 |           0.0           |
|     6      | 8  |  tensor(0.1660) |  1e-05  |  0.5717386256944698 | 55.79121192413051 | 0.9999999999999999 |           0.0           |
|     7      | 8  |  tensor(0.2852) |  1e-05  |  0.5688575247469226 | 55.79121192413051 | 0.9999999999999999 |           0.0           |
|     8      | 8  |  tensor(0.9960) |  1e-05  |  1.082316940039611  | 55.79121192413051 |        1.0         |           0.0           |
|     9      | 8  | tensor(10.5946) |  1e-05  |  9.300895101394792  | 55.79121192413051 |        1.0         |           0.0           |
|     10     | 8  |  tensor(0.3542) |   1.0   |  1.6742943174991638 | 55.79121192413051 |        1.0         |           0.0           |
+------------+----+-----------------+---------+---------------------+-------------------+--------------------+-------------------------+
========================================
+------------+----+----------------+---------+---------------------+-------------------+--------------------+------------------------+
| Outer fold | h* |     ann_E      | lambda* |         lr_E        |      baseline     |        PCC         |        p-value         |
+------------+----+----------------+---------+---------------------+-------------------+--------------------+------------------------+
|     1      | 16 | tensor(0.1872) |  1e-05  |  0.5972465003241308 | 55.79121192413051 |        1.0         |          0.0           |
|     2      | 16 | tensor(0.1050) |   0.1   | 0.13101861976112059 | 55.79121192413051 | 0.9999999999999999 |          0.0           |
|     3      | 16 | tensor(0.9769) |   0.1   |  1.0951566129339303 | 55.79121192413051 |        1.0         |          0.0           |
|     4      | 16 | tensor(0.2968) |   0.01  |  0.682208840920929  | 55.79121192413051 |        1.0         |          0.0           |
|     5      | 16 | tensor(0.1748) |   1.0   |  1.324505977222844  | 55.79121192413051 | 0.9999999999999997 | 4.563495604573848e-167 |
|     6      | 16 | tensor(0.1158) |  1e-05  |  0.5717386256944698 | 55.79121192413051 | 0.9999999999999997 | 4.563495604573848e-167 |
|     7      | 16 | tensor(0.4328) |  1e-05  |  0.5688575247469226 | 55.79121192413051 |        1.0         |          0.0           |
|     8      | 16 | tensor(0.3281) |   0.01  |  1.0827255381243688 | 55.79121192413051 |        1.0         |          0.0           |
|     9      | 16 | tensor(8.2642) |  1e-05  |  9.300895101394792  | 55.79121192413051 |        1.0         |          0.0           |
|     10     | 16 | tensor(0.1150) |   1.0   |  1.6742943174991638 | 55.79121192413051 |        1.0         |          0.0           |
+------------+----+----------------+---------+---------------------+-------------------+--------------------+------------------------+
========================================
+------------+----+----------------+---------+---------------------+-------------------+--------------------+-------------------------+
| Outer fold | h* |     ann_E      | lambda* |         lr_E        |      baseline     |        PCC         |         p-value         |
+------------+----+----------------+---------+---------------------+-------------------+--------------------+-------------------------+
|     1      | 32 | tensor(0.3066) |  1e-05  |  0.5972465003241308 | 55.79121192413051 | 0.9999999999999997 | 1.3307899988705685e-174 |
|     2      | 32 | tensor(0.2992) |   0.01  | 0.13060498876577542 | 55.79121192413051 | 0.9999999999999998 | 4.5947784791827036e-178 |
|     3      | 32 | tensor(0.5412) |   1.0   |  1.1045971950610025 | 55.79121192413051 |        1.0         |           0.0           |
|     4      | 32 | tensor(0.1849) |   0.01  |  0.682208840920929  | 55.79121192413051 |        1.0         |           0.0           |
|     5      | 32 | tensor(0.1971) |  1e-05  |  1.2524677038296068 | 55.79121192413051 | 0.9999999999999997 |  4.563495604573848e-167 |
|     6      | 32 | tensor(0.1845) |  0.001  |  0.5717486134289564 | 55.79121192413051 |        1.0         |           0.0           |
|     7      | 32 | tensor(0.5505) |  1e-05  |  0.5688575247469226 | 55.79121192413051 |        1.0         |           0.0           |
|     8      | 32 | tensor(0.5358) |   1.0   |  1.1327294262473404 | 55.79121192413051 |        1.0         |           0.0           |
|     9      | 32 | tensor(9.5686) |  1e-05  |  9.300895101394792  | 55.79121192413051 |        1.0         |           0.0           |
|     10     | 32 | tensor(0.3671) |   1.0   |  1.6742943174991638 | 55.79121192413051 |        1.0         |           0.0           |
+------------+----+----------------+---------+---------------------+-------------------+--------------------+-------------------------+
========================================
+------------+----+----------------+---------+---------------------+-------------------+--------------------+-------------------------+
| Outer fold | h* |     ann_E      | lambda* |         lr_E        |      baseline     |        PCC         |         p-value         |
+------------+----+----------------+---------+---------------------+-------------------+--------------------+-------------------------+
|     1      | 64 | tensor(0.2015) |  1e-05  |  0.5972465003241308 | 55.79121192413051 | 0.9999999999999997 | 1.3307899988705685e-174 |
|     2      | 64 | tensor(0.1984) |   0.01  | 0.13060498876577542 | 55.79121192413051 |        1.0         |           0.0           |
|     3      | 64 | tensor(0.5560) |  1e-05  |  1.098679630382705  | 55.79121192413051 |        1.0         |           0.0           |
|     4      | 64 | tensor(0.2698) |  1e-05  |  0.6827997896620351 | 55.79121192413051 | 0.9999999999999999 |           0.0           |
|     5      | 64 | tensor(0.2956) |   1.0   |  1.324505977222844  | 55.79121192413051 |        1.0         |           0.0           |
|     6      | 64 | tensor(0.2066) |   0.01  |  0.5718382430507961 | 55.79121192413051 | 0.9999999999999998 | 2.2282693381708265e-170 |
|     7      | 64 | tensor(0.3841) |  0.001  |  0.5688658728371869 | 55.79121192413051 |        1.0         |           0.0           |
|     8      | 64 | tensor(0.4885) |  1e-05  |  1.082316940039611  | 55.79121192413051 |        1.0         |           0.0           |
|     9      | 64 | tensor(9.7508) |  1e-05  |  9.300895101394792  | 55.79121192413051 | 0.9999999999999999 |           0.0           |
|     10     | 64 | tensor(0.2420) |   1.0   |  1.6742943174991638 | 55.79121192413051 |        1.0         |           0.0           |
+------------+----+----------------+---------+---------------------+-------------------+--------------------+-------------------------+
========================================
+------------+-----+----------------+---------+---------------------+-------------------+--------------------+-------------------------+
| Outer fold |  h* |     ann_E      | lambda* |         lr_E        |      baseline     |        PCC         |         p-value         |
+------------+-----+----------------+---------+---------------------+-------------------+--------------------+-------------------------+
|     1      | 128 | tensor(0.1792) |   1.0   |  0.6234517131688346 | 55.79121192413051 |        1.0         |           0.0           |
|     2      | 128 | tensor(0.1245) |  1e-05  | 0.13057339028365814 | 55.79121192413051 | 0.9999999999999998 | 4.5947784791827036e-178 |
|     3      | 128 | tensor(0.2596) |   0.1   |  1.0951566129339303 | 55.79121192413051 |        1.0         |           0.0           |
|     4      | 128 | tensor(0.1621) |  1e-05  |  0.6827997896620351 | 55.79121192413051 | 0.9999999999999999 |           0.0           |
|     5      | 128 | tensor(0.3690) |   1.0   |  1.324505977222844  | 55.79121192413051 |        1.0         |           0.0           |
|     6      | 128 | tensor(0.1188) |   0.01  |  0.5718382430507961 | 55.79121192413051 |        1.0         |           0.0           |
|     7      | 128 | tensor(0.1144) |   0.01  |  0.5689400049075014 | 55.79121192413051 | 0.9999999999999998 | 2.2282693381708265e-170 |
|     8      | 128 | tensor(0.5927) |  1e-05  |  1.082316940039611  | 55.79121192413051 | 0.9999999999999999 |           0.0           |
|     9      | 128 | tensor(9.0398) |  1e-05  |  9.300895101394792  | 55.79121192413051 |        1.0         |           0.0           |
|     10     | 128 | tensor(0.3222) |   1.0   |  1.6742943174991638 | 55.79121192413051 | 0.9999999999999999 |           0.0           |
+------------+-----+----------------+---------+---------------------+-------------------+--------------------+-------------------------+
========================================
+------------+-----+----------------+---------+---------------------+-------------------+--------------------+-------------------------+
| Outer fold |  h* |     ann_E      | lambda* |         lr_E        |      baseline     |        PCC         |         p-value         |
+------------+-----+----------------+---------+---------------------+-------------------+--------------------+-------------------------+
|     1      | 256 | tensor(0.2487) |  1e-05  |  0.5972465003241308 | 55.79121192413051 | 0.9999999999999999 |           0.0           |
|     2      | 256 | tensor(0.2821) |  1e-05  | 0.13057339028365814 | 55.79121192413051 |        1.0         |           0.0           |
|     3      | 256 | tensor(0.9541) |  1e-05  |  1.098679630382705  | 55.79121192413051 |        1.0         |           0.0           |
|     4      | 256 | tensor(0.1302) |   0.1   |  0.6776632907602155 | 55.79121192413051 |        1.0         |           0.0           |
|     5      | 256 | tensor(0.2255) |   1.0   |  1.324505977222844  | 55.79121192413051 | 0.9999999999999998 | 2.2282693381708265e-170 |
|     6      | 256 | tensor(0.2231) |  1e-05  |  0.5717386256944698 | 55.79121192413051 |        1.0         |           0.0           |
|     7      | 256 | tensor(0.3999) |  1e-05  |  0.5688575247469226 | 55.79121192413051 | 0.9999999999999999 |           0.0           |
|     8      | 256 | tensor(0.6219) |  1e-05  |  1.082316940039611  | 55.79121192413051 |        1.0         |           0.0           |
|     9      | 256 | tensor(9.2051) |  1e-05  |  9.300895101394792  | 55.79121192413051 |        1.0         |           0.0           |
|     10     | 256 | tensor(0.3094) |   1.0   |  1.6742943174991638 | 55.79121192413051 |        1.0         |           0.0           |
+------------+-----+----------------+---------+---------------------+-------------------+--------------------+-------------------------+
========================================
